[
	[0,"LPAREN_T","EOF_T","IDENT_T","RPAREN_T","DEFINE_T","NUMLIT_T","STRLIT_T","SQUOTE_T","ELSE_T","IF_T","COND_T","LISTOP_T","CONS_T","AND_T","OR_T","NOT_T","NUMBERP_T","LISTP_T","ZEROP_T","NULLP_T","STRINGP_T","PLUS_T","MINUS_T","DIV_T","MULT_T","MODULO_T","ROUND_T","EQUALTO_T","GT_T","LT_T","GTE_T","LTE_T","DISPLAY_T","NEWLINE_T","$"],
	[0,0,0,0,0,0,0,0,0,0,0,0,0,0,0,0,0,0,0,0,0,0,0,0,0,0,0,0,0,0,0,0,0,0,0,0],
	[0,1,83,83,83,83,83,83,83,83,83,83,83,83,83,83,83,83,83,83,83,83,83,83,83,83,83,83,83,83,83,83,83,83,83,82], // <program>
	[0,83,82,3,83,2,83,83,83,83,83,83,83,83,83,83,83,83,83,83,83,83,83,83,83,83,83,83,83,83,83,83,83,83,83,83], // <more_defines>
	[0,82,83,83,83,4,83,83,83,83,83,83,83,83,83,83,83,83,83,83,83,83,83,83,83,83,83,83,83,83,83,83,83,83,83,83], // <define>
	[0,5,83,5,6,83,5,5,5,83,83,83,83,83,83,83,83,83,83,83,83,83,83,83,83,83,83,83,83,83,83,83,83,83,83,83], // <stmt_list>
	[0,9,83,8,82,83,7,7,7,83,83,83,83,83,83,83,83,83,83,83,83,83,83,83,83,83,83,83,83,83,83,83,83,83,83,83], // <stmt>
	[0,82,83,82,82,83,10,11,12,83,83,83,83,83,83,83,83,83,83,83,83,83,83,83,83,83,83,83,83,83,83,83,83,83,83,83], // <literal>
	[0,13,83,13,82,13,13,13,13,13,13,13,13,13,13,13,13,13,13,13,13,13,13,13,13,13,13,13,13,13,13,13,13,13,13,83], // <quoted_lit>
	[0,14,83,14,15,14,14,14,14,14,14,14,14,14,14,14,14,14,14,14,14,14,14,14,14,14,14,14,14,14,14,14,14,14,14,83], // <more_tokens>
	[0,83,83,16,17,83,83,83,83,83,83,83,83,83,83,83,83,83,83,83,83,83,83,83,83,83,83,83,83,83,83,83,83,83,83,83], // <param_list>
	[0,18,83,18,19,83,18,18,18,83,83,83,83,83,83,83,83,83,83,83,83,83,83,83,83,83,83,83,83,83,83,83,83,83,83,83], // <else_part>
	[0,20,83,83,21,83,83,83,83,83,83,83,83,83,83,83,83,83,83,83,83,83,83,83,83,83,83,83,83,83,83,83,83,83,83,83], // <stmt_pair>
	[0,22,83,22,82,83,22,22,22,23,83,83,83,83,83,83,83,83,83,83,83,83,83,83,83,83,83,83,83,83,83,83,83,83,83,83], // <stmt_pair_body>
	[0,83,83,47,82,83,83,83,83,83,24,25,26,27,28,29,30,31,32,33,34,35,36,37,38,39,40,41,42,43,44,45,46,48,49,83], // <action>
	[0,50,83,51,82,62,52,53,79,81,55,80,58,54,59,60,61,63,64,65,66,67,68,69,70,71,72,73,74,75,76,77,78,56,57,83] //<any_other_token>
]

